35 2 380 194 31 32 -1 -1 -1 0 
36 2 380 195 31 32 -1 -1 -1 0 
37 2 379 195 33 33 -1 -1 -1 0 
38 2 379 194 32 35 -1 -1 -1 0 
39 2 378 194 34 37 -1 -1 -1 0 
40 2 379 195 31 36 -1 -1 -1 0 
41 2 378 195 32 37 -1 -1 -1 0 
42 2 377 196 33 37 -1 -1 -1 0 
42 4 493 220 54 78 -1 -1 -1 0 
43 2 377 197 33 38 -1 -1 -1 0 
43 4 492 219 56 79 -1 -1 -1 0 
44 2 375 197 36 40 -1 -1 -1 0 
44 4 492 219 56 79 -1 -1 -1 0 
45 2 374 198 35 40 -1 -1 -1 0 
45 4 492 219 56 79 -1 -1 -1 0 
46 2 375 198 34 41 -1 -1 -1 0 
46 4 492 220 56 78 -1 -1 -1 0 
47 2 373 198 35 42 -1 -1 -1 0 
47 4 494 220 54 77 -1 -1 -1 0 
48 2 373 198 35 43 -1 -1 -1 0 
48 4 493 220 55 77 -1 -1 -1 0 
49 2 370 199 39 44 -1 -1 -1 0 
50 2 368 198 39 43 -1 -1 -1 0 
51 2 368 200 40 42 -1 -1 -1 0 
52 2 368 201 37 41 -1 -1 -1 0 
53 2 366 201 38 42 -1 -1 -1 0 
54 2 366 201 37 44 -1 -1 -1 0 
55 2 363 203 41 42 -1 -1 -1 0 
56 2 364 204 38 41 -1 -1 -1 0 
57 2 361 205 41 43 -1 -1 -1 0 
58 2 361 206 40 43 -1 -1 -1 0 
59 2 359 208 41 42 -1 -1 -1 0 
60 2 357 207 42 44 -1 -1 -1 0 
61 2 356 209 43 44 -1 -1 -1 0 
62 2 353 211 43 43 -1 -1 -1 0 
63 2 354 212 41 42 -1 -1 -1 0 
64 2 351 211 44 49 -1 -1 -1 0 
65 2 347 212 47 48 -1 -1 -1 0 
66 2 348 213 43 46 -1 -1 -1 0 
67 2 345 215 46 48 -1 -1 -1 0 
68 2 340 215 49 49 -1 -1 -1 0 
69 2 338 216 49 49 -1 -1 -1 0 
70 2 335 219 51 48 -1 -1 -1 0 
71 2 334 219 50 50 -1 -1 -1 0 
72 2 332 219 51 52 -1 -1 -1 0 
73 2 329 220 54 52 -1 -1 -1 0 
74 2 328 222 53 51 -1 -1 -1 0 
75 2 321 224 58 53 -1 -1 -1 0 
76 2 320 226 57 52 -1 -1 -1 0 
77 2 318 227 57 54 -1 -1 -1 0 
78 2 313 227 61 58 -1 -1 -1 0 
79 2 309 227 61 60 -1 -1 -1 0 
80 2 307 228 61 61 -1 -1 -1 0 
81 2 301 231 68 60 -1 -1 -1 0 
82 2 298 234 68 60 -1 -1 -1 0 
83 2 293 236 69 62 -1 -1 -1 0 
84 2 287 236 73 64 -1 -1 -1 0 
85 2 286 237 72 64 -1 -1 -1 0 
86 2 280 238 77 66 -1 -1 -1 0 
87 2 278 238 74 69 -1 -1 -1 0 
88 2 272 240 79 69 -1 -1 -1 0 
89 2 270 242 76 70 -1 -1 -1 0 
90 2 264 243 79 73 -1 -1 -1 0 
91 2 258 245 84 74 -1 -1 -1 0 
92 2 254 246 84 76 -1 -1 -1 0 
93 2 246 248 90 78 -1 -1 -1 0 
95 2 233 251 94 79 -1 -1 -1 0 
96 2 227 252 97 81 -1 -1 -1 0 
161 6 378 194 31 32 -1 -1 -1 0 
163 6 377 195 31 34 -1 -1 -1 0 
167 6 375 195 31 35 -1 -1 -1 0 
176 8 371 197 32 42 -1 -1 -1 0 
177 8 370 199 33 41 -1 -1 -1 0 
178 6 369 202 32 37 -1 -1 -1 0 
179 6 367 202 34 39 -1 -1 -1 0 
180 8 368 202 35 39 -1 -1 -1 0 
181 8 368 202 33 40 -1 -1 -1 0 
182 8 365 202 37 41 -1 -1 -1 0 
183 8 364 204 36 40 -1 -1 -1 0 
184 8 364 205 35 39 -1 -1 -1 0 
185 8 363 207 35 38 -1 -1 -1 0 
186 8 364 209 32 37 -1 -1 -1 0 
187 8 362 210 33 37 -1 -1 -1 0 
188 8 361 211 33 37 -1 -1 -1 0 
189 8 359 212 34 37 -1 -1 -1 0 
190 8 358 212 34 38 -1 -1 -1 0 
191 8 356 212 37 39 -1 -1 -1 0 
192 8 353 214 38 42 -1 -1 -1 0 
194 8 351 215 37 43 -1 -1 -1 0 
195 8 348 215 39 41 -1 -1 -1 0 
196 8 347 217 38 40 -1 -1 -1 0 
197 8 345 217 40 42 -1 -1 -1 0 
198 8 344 217 40 42 -1 -1 -1 0 
199 8 342 219 41 43 -1 -1 -1 0 
200 8 341 221 42 42 -1 -1 -1 0 
201 8 337 221 44 42 -1 -1 -1 0 
202 8 336 221 45 43 -1 -1 -1 0 
203 8 333 221 46 47 -1 -1 -1 0 
204 8 332 221 45 47 -1 -1 -1 0 
205 8 330 225 45 44 -1 -1 -1 0 
206 8 327 228 47 43 -1 -1 -1 0 
207 8 324 228 48 45 -1 -1 -1 0 
208 8 319 229 50 44 -1 -1 -1 0 
209 8 316 229 53 46 -1 -1 -1 0 
210 8 314 229 53 48 -1 -1 -1 0 
211 8 309 229 56 51 -1 -1 -1 0 
212 8 308 231 57 52 -1 -1 -1 0 
213 8 307 233 54 51 -1 -1 -1 0 
214 8 303 234 57 52 -1 -1 -1 0 
215 8 300 235 58 53 -1 -1 -1 0 
216 8 296 237 62 53 -1 -1 -1 0 
217 8 293 238 61 52 -1 -1 -1 0 
218 8 293 237 59 55 -1 -1 -1 0 
219 8 287 238 63 58 -1 -1 -1 0 
220 8 282 241 66 57 -1 -1 -1 0 
221 8 279 242 66 57 -1 -1 -1 0 
222 8 277 242 65 60 -1 -1 -1 0 
223 8 274 244 66 62 -1 -1 -1 0 
224 8 275 244 61 62 -1 -1 -1 0 
225 8 269 245 66 63 -1 -1 -1 0 
226 8 261 249 71 62 -1 -1 -1 0 
227 8 257 249 70 64 -1 -1 -1 0 
228 8 254 250 71 65 -1 -1 -1 0 
230 8 243 252 77 69 -1 -1 -1 0 
231 8 241 253 77 71 -1 -1 -1 0 
232 8 236 254 77 72 -1 -1 -1 0 
233 8 234 257 75 72 -1 -1 -1 0 
236 8 213 264 86 74 -1 -1 -1 0 
237 8 206 267 88 75 -1 -1 -1 0 
238 8 201 270 88 76 -1 -1 -1 0 
258 9 493 220 53 78 -1 -1 -1 0 
259 9 493 220 53 78 -1 -1 -1 0 
260 9 492 220 53 78 -1 -1 -1 0 
261 9 492 221 52 76 -1 -1 -1 0 
804 16 215 231 79 55 -1 -1 -1 0 
805 16 214 234 80 51 -1 -1 -1 0 
806 16 214 230 85 55 -1 -1 -1 0 
807 16 222 231 78 54 -1 -1 -1 0 
817 16 255 226 61 39 -1 -1 -1 0 
818 16 261 225 58 37 -1 -1 -1 0 
819 16 256 225 58 40 -1 -1 -1 0 
820 16 259 223 58 41 -1 -1 -1 0 
824 19 358 211 43 47 -1 -1 -1 0 
827 19 350 215 51 47 -1 -1 -1 0 
860 23 317 197 40 33 -1 -1 -1 0 
861 23 318 197 39 32 -1 -1 -1 0 
862 23 319 197 38 31 -1 -1 -1 0 
863 23 319 196 39 32 -1 -1 -1 0 
864 23 321 196 36 31 -1 -1 -1 0 
865 23 323 195 36 31 -1 -1 -1 0 
866 23 325 195 33 30 -1 -1 -1 0 
867 23 325 194 34 31 -1 -1 -1 0 
868 23 326 194 33 30 -1 -1 -1 0 
869 23 329 194 30 29 -1 -1 -1 0 
870 23 327 194 33 29 -1 -1 -1 0 
871 23 330 193 30 29 -1 -1 -1 0 
872 23 329 192 31 30 -1 -1 -1 0 
873 23 331 192 28 28 -1 -1 -1 0 
874 23 330 192 29 28 -1 -1 -1 0 
875 23 330 191 29 29 -1 -1 -1 0 
876 23 330 191 30 29 -1 -1 -1 0 
877 23 331 190 29 29 -1 -1 -1 0 
878 23 331 190 29 28 -1 -1 -1 0 
881 23 334 190 25 26 -1 -1 -1 0 
883 23 335 189 26 27 -1 -1 -1 0 
975 33 373 207 38 37 -1 -1 -1 0 
976 33 371 208 38 36 -1 -1 -1 0 
977 33 369 207 40 40 -1 -1 -1 0 
978 33 368 206 39 42 -1 -1 -1 0 
979 33 364 207 43 43 -1 -1 -1 0 
981 33 364 208 42 43 -1 -1 -1 0 
982 33 361 208 45 46 -1 -1 -1 0 
983 33 360 208 45 48 -1 -1 -1 0 
987 33 353 212 45 47 -1 -1 -1 0 
990 33 347 214 52 47 -1 -1 -1 0 
997 33 330 219 59 48 -1 -1 -1 0 
1004 33 315 226 62 56 -1 -1 -1 0 
1006 33 311 228 62 58 -1 -1 -1 0 
1007 33 305 227 69 61 -1 -1 -1 0 
1049 37 55 299 165 121 -1 -1 -1 0 
1051 37 34 310 150 124 -1 -1 -1 0 
1054 37 4 323 176 129 -1 -1 -1 0 
1055 37 3 329 164 136 -1 -1 -1 0 
1056 37 0 336 159 131 -1 -1 -1 0 
1057 37 8 348 92 122 -1 -1 -1 0 
1058 37 0 344 133 135 -1 -1 -1 0 
1263 38 494 220 49 78 -1 -1 -1 0 
1305 43 337 224 44 40 -1 -1 -1 0 
1306 43 331 225 50 41 -1 -1 -1 0 
1310 43 320 230 56 43 -1 -1 -1 0 
1314 43 311 235 57 47 -1 -1 -1 0 
1315 43 308 236 60 49 -1 -1 -1 0 
1316 43 303 236 64 52 -1 -1 -1 0 
1317 43 296 237 69 52 -1 -1 -1 0 
1320 43 286 245 72 52 -1 -1 -1 0 
1321 43 282 245 72 53 -1 -1 -1 0 
1322 43 280 244 71 55 -1 -1 -1 0 
1323 43 276 245 74 57 -1 -1 -1 0 
1325 43 269 250 76 58 -1 -1 -1 0 
1331 43 240 264 83 60 -1 -1 -1 0 
1537 45 492 218 54 79 -1 -1 -1 0 
1538 45 493 219 51 77 -1 -1 -1 0 
1539 45 493 218 53 78 -1 -1 -1 0 
1549 45 494 219 50 77 -1 -1 -1 0 
1550 45 493 219 51 77 -1 -1 -1 0 
1551 45 493 219 52 77 -1 -1 -1 0 
1578 45 494 218 53 79 -1 -1 -1 0 
1579 45 494 218 53 79 -1 -1 -1 0 
1580 45 493 217 54 81 -1 -1 -1 0 
1581 45 493 217 54 81 -1 -1 -1 0 
1582 45 492 217 56 81 -1 -1 -1 0 
1610 45 493 220 53 77 -1 -1 -1 0 
1611 45 494 220 52 76 -1 -1 -1 0 
1612 45 494 220 52 76 -1 -1 -1 0 
1630 52 365 214 34 31 -1 -1 -1 0 
1633 45 492 220 52 78 -1 -1 -1 0 
1640 52 352 224 40 36 -1 -1 -1 0 
1641 52 349 226 42 38 -1 -1 -1 0 
1642 52 344 226 46 38 -1 -1 -1 0 
1643 52 343 227 46 39 -1 -1 -1 0 
1644 52 340 229 46 38 -1 -1 -1 0 
1645 52 339 231 45 37 -1 -1 -1 0 
1646 52 336 232 47 38 -1 -1 -1 0 
1647 52 333 234 49 38 -1 -1 -1 0 
1648 52 327 235 53 39 -1 -1 -1 0 
1649 52 325 235 53 41 -1 -1 -1 0 
1650 52 322 239 53 40 -1 -1 -1 0 
1651 52 320 239 54 43 -1 -1 -1 0 
1652 52 317 239 55 45 -1 -1 -1 0 
1653 52 311 241 60 46 -1 -1 -1 0 
1654 52 305 243 63 45 -1 -1 -1 0 
1656 52 299 247 64 45 -1 -1 -1 0 
1657 52 294 248 68 47 -1 -1 -1 0 
1660 52 279 254 74 50 -1 -1 -1 0 
1661 52 274 255 79 52 -1 -1 -1 0 
1666 52 250 265 83 56 -1 -1 -1 0 
1670 52 224 275 95 63 -1 -1 -1 0 
1671 52 213 276 101 66 -1 -1 -1 0 
2708 60 257 225 55 42 -1 -1 -1 0 
2709 60 262 224 48 41 -1 -1 -1 0 
2710 60 253 225 59 41 -1 -1 -1 0 
2711 60 260 222 56 41 -1 -1 -1 0 
2712 60 264 221 55 41 -1 -1 -1 0 
2713 60 271 219 49 40 -1 -1 -1 0 
2714 60 270 218 52 38 -1 -1 -1 0 
2715 60 276 217 48 39 -1 -1 -1 0 
2716 60 280 217 45 38 -1 -1 -1 0 
2717 60 285 218 40 36 -1 -1 -1 0 
2718 60 283 217 41 37 -1 -1 -1 0 
2719 60 287 217 40 35 -1 -1 -1 0 
2720 60 290 216 38 35 -1 -1 -1 0 
2721 60 293 214 36 36 -1 -1 -1 0 
2722 60 293 214 37 35 -1 -1 -1 0 
2723 60 297 214 34 33 -1 -1 -1 0 
2724 60 299 212 34 35 -1 -1 -1 0 
2725 60 300 211 36 35 -1 -1 -1 0 
2726 60 300 210 37 34 -1 -1 -1 0 
2727 60 303 210 35 33 -1 -1 -1 0 
2728 60 303 209 36 34 -1 -1 -1 0 
2729 60 304 209 36 33 -1 -1 -1 0 
2730 60 307 209 34 31 -1 -1 -1 0 
2731 60 309 207 33 33 -1 -1 -1 0 
2732 60 308 206 37 34 -1 -1 -1 0 
2733 60 307 206 37 32 -1 -1 -1 0 
2734 60 309 205 36 33 -1 -1 -1 0 
2735 60 310 204 36 33 -1 -1 -1 0 
2736 60 310 203 37 34 -1 -1 -1 0 
2737 60 312 203 35 32 -1 -1 -1 0 
2738 60 314 203 33 31 -1 -1 -1 0 
2739 60 317 202 32 32 -1 -1 -1 0 
2740 60 319 201 31 31 -1 -1 -1 0 
2741 60 322 201 30 30 -1 -1 -1 0 
2742 60 324 200 26 29 -1 -1 -1 0 
2743 60 325 200 27 29 -1 -1 -1 0 
2744 60 324 199 29 30 -1 -1 -1 0 
2745 60 324 199 29 29 -1 -1 -1 0 
2746 60 324 198 31 30 -1 -1 -1 0 
2747 60 325 198 30 29 -1 -1 -1 0 
2748 60 328 198 27 28 -1 -1 -1 0 
2749 60 328 197 28 29 -1 -1 -1 0 
2750 60 330 197 26 28 -1 -1 -1 0 
2751 60 331 196 26 29 -1 -1 -1 0 
2752 60 330 195 28 29 -1 -1 -1 0 
2753 60 331 195 26 28 -1 -1 -1 0 
2754 60 331 194 27 29 -1 -1 -1 0 
2755 60 329 194 29 28 -1 -1 -1 0 
2756 60 332 194 27 27 -1 -1 -1 0 
2757 60 332 194 26 26 -1 -1 -1 0 
2921 66 366 216 36 31 -1 -1 -1 0 
2923 66 364 217 36 33 -1 -1 -1 0 
2924 66 362 217 39 35 -1 -1 -1 0 
2925 66 361 217 39 37 -1 -1 -1 0 
2926 66 358 218 41 37 -1 -1 -1 0 
2927 66 357 219 40 37 -1 -1 -1 0 
2928 66 355 221 42 37 -1 -1 -1 0 
2929 66 352 223 44 37 -1 -1 -1 0 
2930 66 352 225 42 36 -1 -1 -1 0 
2931 66 348 227 46 35 -1 -1 -1 0 
2932 66 346 229 46 34 -1 -1 -1 0 
2933 66 344 231 45 35 -1 -1 -1 0 
2934 66 341 231 46 37 -1 -1 -1 0 
2936 66 336 233 49 39 -1 -1 -1 0 
2938 66 328 236 53 40 -1 -1 -1 0 
2939 66 323 236 57 42 -1 -1 -1 0 
2940 66 321 238 55 43 -1 -1 -1 0 
2941 66 317 241 59 43 -1 -1 -1 0 
2942 66 313 242 61 42 -1 -1 -1 0 
2943 66 310 245 60 42 -1 -1 -1 0 
2944 66 307 247 60 44 -1 -1 -1 0 
2945 66 298 246 68 47 -1 -1 -1 0 
2947 66 288 250 73 48 -1 -1 -1 0 
2948 66 292 250 66 51 -1 -1 -1 0 
2950 66 273 256 81 51 -1 -1 -1 0 
2954 66 262 264 73 55 -1 -1 -1 0 
3899 67 223 232 72 49 -1 -1 -1 0 
3905 67 244 226 69 45 -1 -1 -1 0 
3906 67 261 224 51 44 -1 -1 -1 0 
3907 67 262 224 51 43 -1 -1 -1 0 
3908 67 260 223 56 43 -1 -1 -1 0 
3913 67 281 219 44 39 -1 -1 -1 0 
4228 70 382 196 29 30 -1 -1 -1 0 
4229 70 383 197 27 28 -1 -1 -1 0 
4230 70 384 198 26 28 -1 -1 -1 0 
4231 70 384 198 26 28 -1 -1 -1 0 
4256 71 362 216 36 35 -1 -1 -1 0 
4257 71 362 218 35 35 -1 -1 -1 0 
4259 71 359 220 36 34 -1 -1 -1 0 
4261 71 356 220 37 36 -1 -1 -1 0 
4262 71 354 220 38 38 -1 -1 -1 0 
4263 71 353 220 39 40 -1 -1 -1 0 
4264 71 350 224 42 39 -1 -1 -1 0 
4265 71 349 225 41 39 -1 -1 -1 0 
4266 71 348 227 40 38 -1 -1 -1 0 
4267 71 346 228 41 39 -1 -1 -1 0 
4268 71 344 229 42 39 -1 -1 -1 0 
4269 71 343 230 42 40 -1 -1 -1 0 
4270 71 340 231 44 41 -1 -1 -1 0 
4271 71 335 233 47 41 -1 -1 -1 0 
4272 71 334 234 48 41 -1 -1 -1 0 
4273 71 330 236 49 40 -1 -1 -1 0 
4274 71 330 237 47 41 -1 -1 -1 0 
4275 71 324 239 53 42 -1 -1 -1 0 
4276 71 321 240 54 43 -1 -1 -1 0 
4277 71 320 240 53 46 -1 -1 -1 0 
4278 71 315 241 56 47 -1 -1 -1 0 
4279 71 310 242 61 48 -1 -1 -1 0 
4280 71 308 243 60 47 -1 -1 -1 0 
4281 71 305 245 61 48 -1 -1 -1 0 
4282 71 299 246 66 48 -1 -1 -1 0 
4283 71 294 248 68 51 -1 -1 -1 0 
4284 71 294 248 64 52 -1 -1 -1 0 
4285 71 282 250 75 54 -1 -1 -1 0 
4286 71 288 253 67 51 -1 -1 -1 0 
4287 71 284 253 68 54 -1 -1 -1 0 
4288 71 273 255 78 54 -1 -1 -1 0 
4289 71 272 258 71 53 -1 -1 -1 0 
4290 71 268 259 73 57 -1 -1 -1 0 
4291 71 263 260 78 58 -1 -1 -1 0 
4292 71 258 261 81 59 -1 -1 -1 0 
4294 71 249 266 81 59 -1 -1 -1 0 
4296 71 235 272 89 62 -1 -1 -1 0 
4297 71 234 273 86 64 -1 -1 -1 0 
4298 71 227 274 88 66 -1 -1 -1 0 
4299 71 217 277 96 66 -1 -1 -1 0 
4303 71 194 286 100 74 -1 -1 -1 0 
4353 73 342 224 49 39 -1 -1 -1 0 
4356 73 334 231 52 38 -1 -1 -1 0 
4357 73 333 232 51 39 -1 -1 -1 0 
4361 73 317 237 59 42 -1 -1 -1 0 
4362 73 314 239 61 45 -1 -1 -1 0 
4363 73 312 241 61 46 -1 -1 -1 0 
4364 73 307 244 62 45 -1 -1 -1 0 
4365 73 305 244 62 45 -1 -1 -1 0 
4382 77 373 199 28 36 -1 -1 -1 0 
4383 77 371 200 31 35 -1 -1 -1 0 
4384 77 370 200 32 36 -1 -1 -1 0 
4385 77 370 202 30 35 -1 -1 -1 0 
4386 77 368 201 33 37 -1 -1 -1 0 
4387 77 368 201 32 38 -1 -1 -1 0 
4388 77 367 203 34 37 -1 -1 -1 0 
4389 77 367 203 31 37 -1 -1 -1 0 
4390 77 368 204 29 36 -1 -1 -1 0 
4391 77 366 204 32 38 -1 -1 -1 0 
4392 77 366 206 30 37 -1 -1 -1 0 
4393 77 364 207 33 37 -1 -1 -1 0 
4394 77 364 208 32 37 -1 -1 -1 0 
4395 77 362 207 34 39 -1 -1 -1 0 
4396 77 361 208 35 39 -1 -1 -1 0 
4397 77 361 209 33 38 -1 -1 -1 0 
4398 77 360 209 34 39 -1 -1 -1 0 
4399 77 359 210 34 39 -1 -1 -1 0 
4400 77 358 211 34 39 -1 -1 -1 0 
4401 77 357 211 34 40 -1 -1 -1 0 
4402 77 355 212 33 40 -1 -1 -1 0 
4403 77 353 212 37 42 -1 -1 -1 0 
4404 77 352 214 36 42 -1 -1 -1 0 
4405 77 350 214 37 42 -1 -1 -1 0 
4406 77 350 215 33 43 -1 -1 -1 0 
4407 77 347 215 39 45 -1 -1 -1 0 
4408 77 346 217 39 45 -1 -1 -1 0 
4409 77 344 218 40 44 -1 -1 -1 0 
4410 77 342 218 39 45 -1 -1 -1 0 
4411 77 339 219 43 47 -1 -1 -1 0 
4412 77 338 219 42 49 -1 -1 -1 0 
4413 77 336 221 43 47 -1 -1 -1 0 
4414 77 335 220 44 48 -1 -1 -1 0 
4415 77 332 221 47 48 -1 -1 -1 0 
4416 77 331 223 46 47 -1 -1 -1 0 
4417 77 328 226 47 46 -1 -1 -1 0 
4418 77 326 226 45 48 -1 -1 -1 0 
4419 77 324 229 45 49 -1 -1 -1 0 
4420 77 322 228 47 52 -1 -1 -1 0 
4421 77 318 229 51 54 -1 -1 -1 0 
4422 77 317 231 49 53 -1 -1 -1 0 
4423 77 314 231 51 54 -1 -1 -1 0 
4424 77 309 232 55 55 -1 -1 -1 0 
4425 77 308 234 53 54 -1 -1 -1 0 
4426 77 303 235 57 55 -1 -1 -1 0 
4427 77 301 236 56 56 -1 -1 -1 0 
4428 77 298 236 57 58 -1 -1 -1 0 
4429 77 295 238 60 58 -1 -1 -1 0 
4430 77 292 238 60 60 -1 -1 -1 0 
4431 77 288 239 62 62 -1 -1 -1 0 
4432 77 283 242 64 61 -1 -1 -1 0 
4433 77 282 242 61 63 -1 -1 -1 0 
4434 77 276 245 66 62 -1 -1 -1 0 
4435 77 274 245 63 63 -1 -1 -1 0 
4436 77 268 247 68 64 -1 -1 -1 0 
4439 77 254 252 73 70 -1 -1 -1 0 
4440 77 249 254 75 72 -1 -1 -1 0 
4441 77 247 254 76 73 -1 -1 -1 0 
4443 77 236 260 80 69 -1 -1 -1 0 
4444 77 229 261 80 76 -1 -1 -1 0 
4450 77 192 274 91 85 -1 -1 -1 0 
4665 82 362 207 38 39 -1 -1 -1 0 
4666 82 360 207 40 41 -1 -1 -1 0 
4667 82 357 207 43 44 -1 -1 -1 0 
4668 82 356 207 43 44 -1 -1 -1 0 
4669 82 356 208 42 45 -1 -1 -1 0 
4677 82 337 218 49 45 -1 -1 -1 0 
4678 82 335 219 49 47 -1 -1 -1 0 
4679 82 332 220 52 48 -1 -1 -1 0 
4680 82 329 221 53 48 -1 -1 -1 0 
4681 82 329 222 51 48 -1 -1 -1 0 
4682 82 325 223 55 50 -1 -1 -1 0 
4683 82 320 225 56 50 -1 -1 -1 0 
4684 82 316 223 61 59 -1 -1 -1 0 
4685 82 311 224 66 60 -1 -1 -1 0 
4686 82 308 224 68 61 -1 -1 -1 0 
4687 82 310 228 60 58 -1 -1 -1 0 
4688 82 307 230 60 58 -1 -1 -1 0 
4693 82 285 239 69 61 -1 -1 -1 0 
4694 82 279 240 72 63 -1 -1 -1 0 
4695 82 270 239 84 64 -1 -1 -1 0 
4701 82 239 250 88 76 -1 -1 -1 0 
4704 82 217 259 97 79 -1 -1 -1 0 
4776 86 378 214 31 30 -1 -1 -1 0 
4777 86 377 213 31 32 -1 -1 -1 0 
4778 86 376 214 32 32 -1 -1 -1 0 
4779 86 374 215 32 32 -1 -1 -1 0 
4780 86 372 215 34 34 -1 -1 -1 0 
4781 86 370 217 33 33 -1 -1 -1 0 
4782 86 366 217 38 35 -1 -1 -1 0 
4785 86 363 220 37 35 -1 -1 -1 0 
4786 86 364 220 35 37 -1 -1 -1 0 
4787 86 360 220 41 39 -1 -1 -1 0 
4788 86 359 222 40 39 -1 -1 -1 0 
4789 86 356 224 42 38 -1 -1 -1 0 
4790 86 353 225 44 38 -1 -1 -1 0 
4791 86 353 225 43 40 -1 -1 -1 0 
4792 86 351 228 45 39 -1 -1 -1 0 
4793 86 349 229 45 39 -1 -1 -1 0 
4794 86 344 231 47 40 -1 -1 -1 0 
4798 86 333 237 48 40 -1 -1 -1 0 
4799 86 331 238 48 42 -1 -1 -1 0 
4800 86 325 239 54 44 -1 -1 -1 0 
5060 90 203 234 91 48 -1 -1 -1 0 
5063 90 217 228 88 49 -1 -1 -1 0 
5065 90 228 227 78 47 -1 -1 -1 0 
5067 90 237 227 68 45 -1 -1 -1 0 
5068 90 246 227 62 43 -1 -1 -1 0 
5076 90 263 217 60 42 -1 -1 -1 0 
5077 90 268 215 56 41 -1 -1 -1 0 
5109 93 319 195 37 35 -1 -1 -1 0 
5111 93 320 195 37 34 -1 -1 -1 0 
5112 93 319 196 38 32 -1 -1 -1 0 
5113 93 320 196 37 31 -1 -1 -1 0 
5114 93 322 195 36 32 -1 -1 -1 0 
5115 93 326 196 32 30 -1 -1 -1 0 
5116 93 326 195 32 30 -1 -1 -1 0 
5117 93 325 194 34 31 -1 -1 -1 0 
5118 93 327 194 33 29 -1 -1 -1 0 
5119 93 328 194 32 29 -1 -1 -1 0 
5120 93 328 193 33 29 -1 -1 -1 0 
5121 93 329 194 32 28 -1 -1 -1 0 
5122 93 329 193 32 29 -1 -1 -1 0 
5123 93 331 193 30 27 -1 -1 -1 0 
5131 93 335 189 27 28 -1 -1 -1 0 
5132 93 335 189 27 27 -1 -1 -1 0 
5133 93 337 189 24 26 -1 -1 -1 0 
